/*--------------------------------*- C++ -*----------------------------------*\
| =========                 |                                                 |
| \\      /  F ield         | OpenFOAM: The Open Source CFD Toolbox           |
|  \\    /   O peration     | Version:  2512                                  |
|   \\  /    A nd           | Website:  www.openfoam.com                      |
|    \\/     M anipulation  |                                                 |
\*---------------------------------------------------------------------------*/
FoamFile
{
    version     2.0;
    format      ascii;
    arch        "LSB;label=32;scalar=64";
    note        "nPoints:11182  nCells:5144  nFaces:21022  nInternalFaces:10170";
    class       labelList;
    location    "constant/polyMesh";
    object      neighbour;
}
// * * * * * * * * * * * * * * * * * * * * * * * * * * * * * * * * * * * * * //


10170
(
635
636
4352
303
638
639
4355
306
641
642
4358
309
644
645
4361
312
647
648
4364
315
650
651
4367
318
653
654
4370
321
656
657
4373
324
659
660
4376
327
662
663
4379
330
665
666
4382
333
668
669
4385
336
671
4388
673
674
4391
5141
676
677
2392
4394
679
680
2395
4397
682
683
2398
4400
685
686
2401
4403
688
689
2404
4406
691
692
2407
4409
694
695
2410
4412
697
698
2413
4415
342
700
701
4418
345
703
704
4421
348
706
707
4424
351
709
710
4427
354
712
713
4430
357
715
716
4433
360
718
719
4436
363
721
722
4439
366
724
725
4442
369
727
728
4445
372
730
731
4448
375
733
734
4451
378
736
737
4454
381
739
740
4457
384
742
743
4460
387
745
746
4463
390
748
749
4466
393
751
752
4469
396
754
755
4472
399
757
758
4475
402
760
761
4478
405
763
764
4481
408
766
767
4484
411
769
770
4487
414
772
773
4490
417
775
776
4493
420
778
779
4496
423
781
782
4499
426
784
785
4502
429
787
788
4505
432
790
791
4508
435
793
794
4511
438
796
797
4514
441
799
800
4517
444
802
803
4520
447
805
806
4523
450
808
809
4526
453
811
812
4529
456
814
815
4532
304
1693
3194
3195
307
1699
3194
3197
3198
310
1705
3197
3200
3201
313
1711
3200
3203
3204
316
1717
3203
3206
3207
319
1723
3206
3209
3210
322
1729
3209
3212
3213
325
1735
3212
3215
3216
328
1741
3215
3218
3219
331
1747
3218
3221
3222
334
1753
3221
3224
3225
337
1759
3224
3227
3228
339
2181
2182
3227
341
817
1506
1507
462
820
4535
822
823
2393
4538
825
826
2396
2416
828
829
2399
2419
831
832
2402
2422
834
835
2405
2425
837
838
2408
2428
840
841
2411
2431
843
844
2414
2434
343
1509
1510
2437
346
1774
2584
3230
3231
349
1780
3230
3233
3234
352
1786
3233
3236
3237
355
1792
3236
3239
3240
358
1798
3239
3242
3243
361
1804
3242
3245
3246
364
1810
3245
3248
3249
367
1816
3248
3251
3252
370
1822
3251
3254
3255
373
1828
3254
3257
3258
376
1834
3257
3260
3261
379
1840
3260
3263
3264
382
1846
3263
3266
3267
385
1852
3266
3269
3270
388
1858
3269
3272
3273
391
1864
3272
3275
3276
394
1870
3275
3278
3279
397
1876
3278
3281
3282
400
1882
3281
3284
3285
403
1888
3284
3287
3288
406
1894
3287
3290
3291
409
1900
3290
3293
3294
412
1906
3293
3296
3297
415
1912
3296
3299
3300
418
1918
3299
3302
3303
421
1924
3302
3305
3306
424
1930
3305
3308
3309
427
1936
3308
3311
3312
430
1942
3311
3314
3315
433
1948
3314
3317
3318
436
1954
3317
3320
3321
439
1960
3320
3323
3324
442
1966
3323
3326
3327
445
1972
3326
3329
3330
448
1978
3329
3332
3333
451
1984
3332
3335
3336
454
1990
3335
3338
3339
457
1996
3338
3341
3342
460
2002
3341
3344
3345
2200
3228
3581
3582
818
3347
3348
3581
463
2188
3347
3350
3351
465
2184
2185
3350
467
846
847
2587
849
850
2417
2440
852
853
2420
2443
855
856
2423
2446
858
859
2426
2449
861
862
2429
2452
864
865
2432
2455
867
868
2435
2458
870
871
2438
2461
1512
1513
2464
2585
2590
3231
3353
3354
2251
3351
3356
3357
2588
2594
3356
3546
3547
873
874
2441
2593
876
877
2444
2467
879
880
2447
2470
882
883
2450
2473
885
886
2453
2476
888
889
2456
2479
891
892
2459
2482
894
895
2462
2485
897
898
2465
2488
1515
1516
2491
2591
2596
3354
3359
3360
2302
3357
3362
3363
2594
2600
3362
3555
3556
900
901
2468
2599
903
904
2471
2494
906
907
2474
2497
909
910
2477
2500
912
913
2480
2503
915
916
2483
2506
918
919
2486
2509
921
922
2489
2512
924
925
2492
2515
1518
1519
2518
2597
2602
3360
3365
3366
2353
3363
3368
3369
2600
2606
3368
3564
3565
927
928
2495
2605
930
931
2498
2521
933
934
2501
2524
936
937
2504
2527
939
940
2507
2530
942
943
2510
2533
945
946
2513
2536
948
949
2516
2539
951
952
2519
2542
1521
1522
2545
2603
2608
3366
3371
3372
2341
3374
3375
2342
3374
3377
3378
2343
3377
3380
3381
2344
3380
3383
3384
2345
3383
3386
3387
2346
3386
3389
3390
2347
3389
3392
3393
2348
3392
3395
3396
2349
3395
3398
3399
2350
3398
3401
3402
2351
3401
3404
3405
2352
3404
3407
3408
2353
3407
3410
3411
3369
3410
3413
3414
2606
2612
3413
3573
3574
954
955
2522
2611
957
958
2525
2548
960
961
2528
2551
963
964
2531
2554
966
967
2534
2557
468
968
969
2537
971
972
2540
2559
974
975
2543
2561
977
978
2546
2564
1524
1525
2567
2609
2614
3372
3416
3417
2354
3416
3419
3420
2355
3419
3422
3423
2356
3422
3425
3426
2357
3425
3428
3429
2358
3428
3431
3432
2359
3431
3434
3435
2360
3434
3437
3438
2361
3437
3440
3441
2362
3440
3443
3444
2363
3443
3446
3447
2364
3446
3449
3450
2365
3449
3452
3453
2366
3452
3455
3456
2367
3455
3458
3459
2368
3458
3461
3462
2369
3461
3464
3465
2370
3464
3467
3468
2371
3467
3470
3471
2372
3470
3473
3474
2373
3473
3476
3477
2374
3476
3479
3480
2375
3479
3482
3483
2376
3482
3485
3486
2377
3485
3488
3489
2378
3488
3491
3492
2379
3491
3494
3495
2380
3494
3497
3498
2381
3497
3500
3501
2382
3500
3503
3504
2383
3503
3506
3507
2384
3506
3509
3510
2385
3509
3512
3513
2386
3512
3515
3516
2387
3515
3518
3519
2388
3518
3521
3522
2389
3521
3524
3525
2390
3524
3527
3528
2391
3527
3530
3531
1527
1528
3375
469
1530
1531
3378
472
1533
1534
3381
475
1536
1537
3384
478
1539
1540
3387
481
1542
1543
3390
484
1545
1546
3393
487
1548
1549
3396
490
1551
1552
3399
493
1554
1555
3402
496
1557
1558
3405
499
1560
1561
3408
502
1563
1564
3411
505
1566
1567
3414
508
1569
1570
2612
511
980
981
2549
983
984
2552
2570
986
987
2555
2573
514
989
990
2562
992
993
2565
2576
995
996
2568
2578
1572
1573
2581
2615
515
1575
1576
3417
518
1578
1579
3420
521
1581
1582
3423
524
1584
1585
3426
527
1587
1588
3429
530
1590
1591
3432
533
1593
1594
3435
536
1596
1597
3438
539
1599
1600
3441
542
1602
1603
3444
545
1605
1606
3447
548
1608
1609
3450
551
1611
1612
3453
554
1614
1615
3456
557
1617
1618
3459
560
1620
1621
3462
563
1623
1624
3465
566
1626
1627
3468
569
1629
1630
3471
572
1632
1633
3474
575
1635
1636
3477
578
1638
1639
3480
581
1641
1642
3483
584
1644
1645
3486
587
1647
1648
3489
590
1650
1651
3492
593
1653
1654
3495
596
1656
1657
3498
599
1659
1660
3501
602
1662
1663
3504
605
1665
1666
3507
608
1668
1669
3510
611
1671
1672
3513
614
1674
1675
3516
617
1677
1678
3519
620
1680
1681
3522
623
1683
1684
3525
626
1686
1687
3528
629
1689
1690
3531
998
999
4739
1692
1693
307
1695
1696
3194
1001
1002
4742
1698
1699
310
1701
1702
3197
1004
1005
4745
1704
1705
313
1707
1708
3200
1007
1008
4748
1710
1711
316
1713
1714
3203
1010
1011
4751
1716
1717
319
1719
1720
3206
1013
1014
4754
1722
1723
322
1725
1726
3209
1016
1017
4757
1728
1729
325
1731
1732
3212
1019
1020
4760
1734
1735
328
1737
1738
3215
1022
1023
4763
1740
1741
331
1743
1744
3218
1025
1026
4766
1746
1747
334
1749
1750
3221
1028
1029
4769
1752
1753
337
1755
1756
3224
1031
1032
4772
1758
1759
339
1761
1762
3227
1764
1765
341
817
1035
1036
1038
1039
1041
1042
4799
1767
1768
2415
346
1770
1771
2584
1044
1045
4802
1773
1774
349
1776
1777
3230
1047
1048
4805
1779
1780
352
1782
1783
3233
1050
1051
4808
1785
1786
355
1788
1789
3236
1053
1054
4811
1791
1792
358
1794
1795
3239
1056
1057
4814
1797
1798
361
1800
1801
3242
1059
1060
4817
1803
1804
364
1806
1807
3245
1062
1063
4820
1809
1810
367
1812
1813
3248
1065
1066
4823
1815
1816
370
1818
1819
3251
1068
1069
4826
1821
1822
373
1824
1825
3254
1071
1072
4829
1827
1828
376
1830
1831
3257
1074
1075
4832
1833
1834
379
1836
1837
3260
1077
1078
4835
1839
1840
382
1842
1843
3263
1080
1081
4838
1845
1846
385
1848
1849
3266
1083
1084
4841
1851
1852
388
1854
1855
3269
1086
1087
4844
1857
1858
391
1860
1861
3272
1089
1090
4847
1863
1864
394
1866
1867
3275
1092
1093
4850
1869
1870
397
1872
1873
3278
1095
1096
4853
1875
1876
400
1878
1879
3281
1098
1099
4856
1881
1882
403
1884
1885
3284
1101
1102
4859
1887
1888
406
1890
1891
3287
1104
1105
4862
1893
1894
409
1896
1897
3290
1107
1108
4865
1899
1900
412
1902
1903
3293
1110
1111
4868
1905
1906
415
1908
1909
3296
1113
1114
4871
1911
1912
418
1914
1915
3299
1116
1117
4874
1917
1918
421
1920
1921
3302
1119
1120
4877
1923
1924
424
1926
1927
3305
1122
1123
4880
1929
1930
427
1932
1933
3308
1125
1126
4883
1935
1936
430
1938
1939
3311
1128
1129
4886
1941
1942
433
1944
1945
3314
1131
1132
4889
1947
1948
436
1950
1951
3317
1134
1135
4892
1953
1954
439
1956
1957
3320
1137
1138
4895
1959
1960
442
1962
1963
3323
1140
1141
4898
1965
1966
445
1968
1969
3326
1143
1144
4901
1971
1972
448
1974
1975
3329
1146
1147
4904
1977
1978
451
1980
1981
3332
1149
1150
4907
1983
1984
454
1986
1987
3335
1152
1153
4910
1989
1990
457
1992
1993
3338
1155
1156
4913
1995
1996
460
1998
1999
3341
1158
1159
4916
2001
2002
2004
2005
3344
1161
1162
4919
819
2187
2188
465
2007
2008
3350
2010
2011
467
1165
1166
2587
1168
1169
1172
2535
3584
2013
2014
3376
1174
1175
3971
473
1177
1178
3587
2016
2017
3379
1180
1181
3974
476
1183
1184
3590
2019
2020
3382
1186
1187
3977
479
1189
1190
3593
2022
2023
3385
1192
1193
3980
482
1195
1196
3596
2025
2026
3388
1198
1199
3983
485
1201
1202
3599
2028
2029
3391
1204
1205
3986
488
1207
1208
3602
2031
2032
3394
1210
1211
3989
491
1213
1214
3605
2034
2035
3397
1216
1217
3992
494
1219
1220
3608
2037
2038
3400
1222
1223
3995
497
1225
1226
3611
2040
2041
3403
1228
1229
3998
500
1231
1232
3614
2043
2044
3406
1234
1235
4001
503
1237
1238
3617
2046
2047
3409
1240
1241
4004
506
1243
1244
3620
2049
2050
3412
1246
1247
4007
509
1249
1250
3623
2052
2053
3415
1252
1253
4010
512
1255
1256
3626
2055
2056
2613
1258
1259
4013
1261
1262
2571
3629
2560
3635
2058
2059
2616
1266
1267
2583
4028
519
1269
1270
3647
2061
2062
3418
1272
1273
4031
522
1275
1276
3650
2064
2065
3421
1278
1279
4034
525
1281
1282
3653
2067
2068
3424
1284
1285
4037
528
1287
1288
3656
2070
2071
3427
1290
1291
4040
531
1293
1294
3659
2073
2074
3430
1296
1297
4043
534
1299
1300
3662
2076
2077
3433
1302
1303
4046
537
1305
1306
3665
2079
2080
3436
1308
1309
4049
540
1311
1312
3668
2082
2083
3439
1314
1315
4052
543
1317
1318
3671
2085
2086
3442
1320
1321
4055
546
1323
1324
3674
2088
2089
3445
1326
1327
4058
549
1329
1330
3677
2091
2092
3448
1332
1333
4061
552
1335
1336
3680
2094
2095
3451
1338
1339
4064
555
1341
1342
3683
2097
2098
3454
1344
1345
4067
558
1347
1348
3686
2100
2101
3457
1350
1351
4070
561
1353
1354
3689
2103
2104
3460
1356
1357
4073
564
1359
1360
3692
2106
2107
3463
1362
1363
4076
567
1365
1366
3695
2109
2110
3466
1368
1369
4079
570
1371
1372
3698
2112
2113
3469
1374
1375
4082
573
1377
1378
3701
2115
2116
3472
1380
1381
4085
576
1383
1384
3704
2118
2119
3475
1386
1387
4088
579
1389
1390
3707
2121
2122
3478
1392
1393
4091
582
1395
1396
3710
2124
2125
3481
1398
1399
4094
585
1401
1402
3713
2127
2128
3484
1404
1405
4097
588
1407
1408
3716
2130
2131
3487
1410
1411
4100
591
1413
1414
3719
2133
2134
3490
1416
1417
4103
594
1419
1420
3722
2136
2137
3493
1422
1423
4106
597
1425
1426
3725
2139
2140
3496
1428
1429
4109
600
1431
1432
3728
2142
2143
3499
1434
1435
4112
603
1437
1438
3731
2145
2146
3502
1440
1441
4115
606
1443
1444
3734
2148
2149
3505
1446
1447
4118
609
1449
1450
3737
2151
2152
3508
1452
1453
4121
612
1455
1456
3740
2154
2155
3511
1458
1459
4124
615
1461
1462
3743
2157
2158
3514
1464
1465
4127
618
1467
1468
3746
2160
2161
3517
1470
1471
4130
621
1473
1474
3749
2163
2164
3520
1476
1477
4133
624
1479
1480
3752
2166
2167
3523
1482
1483
4136
627
1485
1486
3755
2169
2170
3526
1488
1489
4139
630
1491
1492
3758
2172
2173
3529
1494
1495
4142
633
1497
1498
3761
2175
2176
3532
1500
1501
4145
1503
1504
3764
637
998
4541
637
1692
1000
1694
640
1001
4544
640
999
1698
1003
1700
643
1004
4547
643
1002
1704
1006
1706
646
1007
4550
646
1005
1710
1009
1712
649
1010
4553
649
1008
1716
1012
1718
652
1013
4556
652
1011
1722
1015
1724
655
1016
4559
655
1014
1728
1018
1730
658
1019
4562
658
1017
1734
1021
1736
661
1022
4565
661
1020
1740
1024
1742
664
1025
4568
664
1023
1746
1027
1748
667
1028
4571
667
1026
1752
1030
1754
670
1031
4574
670
1029
1758
1033
1760
672
1032
1764
1034
1766
4934
675
2617
4577
675
2620
4580
2619
2622
678
2626
4583
678
2618
2629
2628
2631
681
2635
4586
681
2627
2638
2637
2640
684
2644
4589
684
2636
2647
2646
2649
687
2653
4592
687
2645
2656
2655
2658
690
2662
4595
690
2654
2665
2664
2667
693
2671
4598
693
2663
2674
2673
2676
696
2680
4601
696
2672
2683
2682
2685
699
1041
4604
699
1767
2681
1043
1769
702
1044
4607
702
1042
1773
1046
1775
705
1047
4610
705
1045
1779
1049
1781
708
1050
4613
708
1048
1785
1052
1787
711
1053
4616
711
1051
1791
1055
1793
714
1056
4619
714
1054
1797
1058
1799
717
1059
4622
717
1057
1803
1061
1805
720
1062
4625
720
1060
1809
1064
1811
723
1065
4628
723
1063
1815
1067
1817
726
1068
4631
726
1066
1821
1070
1823
729
1071
4634
729
1069
1827
1073
1829
732
1074
4637
732
1072
1833
1076
1835
735
1077
4640
735
1075
1839
1079
1841
738
1080
4643
738
1078
1845
1082
1847
741
1083
4646
741
1081
1851
1085
1853
744
1086
4649
744
1084
1857
1088
1859
747
1089
4652
747
1087
1863
1091
1865
750
1092
4655
750
1090
1869
1094
1871
753
1095
4658
753
1093
1875
1097
1877
756
1098
4661
756
1096
1881
1100
1883
759
1101
4664
759
1099
1887
1103
1889
762
1104
4667
762
1102
1893
1106
1895
765
1107
4670
765
1105
1899
1109
1901
768
1110
4673
768
1108
1905
1112
1907
771
1113
4676
771
1111
1911
1115
1913
774
1116
4679
774
1114
1917
1118
1919
777
1119
4682
777
1117
1923
1121
1925
780
1122
4685
780
1120
1929
1124
1931
783
1125
4688
783
1123
1935
1127
1937
786
1128
4691
786
1126
1941
1130
1943
789
1131
4694
789
1129
1947
1133
1949
792
1134
4697
792
1132
1953
1136
1955
795
1137
4700
795
1135
1959
1139
1961
798
1140
4703
798
1138
1965
1142
1967
801
1143
4706
801
1141
1971
1145
1973
804
1146
4709
804
1144
1977
1148
1979
807
1149
4712
807
1147
1983
1151
1985
810
1152
4715
810
1150
1989
1154
1991
813
1155
4718
813
1153
1995
1157
1997
816
1158
4721
816
1156
2001
1160
2003
2178
2179
819
2182
2183
3229
2179
2180
2187
3347
821
1162
2010
1164
2012
4940
824
2621
2689
824
2692
4724
2691
2694
827
2630
2698
827
2690
2701
2700
2703
830
2639
2707
830
2699
2710
2709
2712
833
2648
2716
833
2708
2719
2718
2721
836
2657
2725
836
2717
2728
2727
2730
839
2666
2734
839
2726
2737
2736
2739
842
2675
2743
842
2735
2746
2745
2748
845
2684
2752
845
2744
2755
2754
2757
848
1169
2761
848
2764
3537
2763
2766
851
2693
2770
851
2762
2773
2772
2775
854
2702
2779
854
2771
2782
2781
2784
857
2711
2788
857
2780
2791
2790
2793
860
2720
2797
860
2789
2800
2799
2802
863
2729
2806
863
2798
2809
2808
2811
866
2738
2815
866
2807
2818
2817
2820
869
2747
2824
869
2816
2827
2826
2829
872
2756
2833
872
2825
2836
2835
2838
875
2765
2842
875
2845
3545
2844
2847
878
2774
2851
878
2843
2854
2853
2856
881
2783
2860
881
2852
2863
2862
2865
884
2792
2869
884
2861
2872
2871
2874
887
2801
2878
887
2870
2881
2880
2883
890
2810
2887
890
2879
2890
2889
2892
893
2819
2896
893
2888
2899
2898
2901
896
2828
2905
896
2897
2908
2907
2910
899
2837
2914
899
2906
2917
2916
2919
902
2846
2923
902
2926
3554
2925
2928
905
2855
2932
905
2924
2935
2934
2937
908
2864
2941
908
2933
2944
2943
2946
911
2873
2950
911
2942
2953
2952
2955
914
2882
2959
914
2951
2962
2961
2964
917
2891
2968
917
2960
2971
2970
2973
920
2900
2977
920
2969
2980
2979
2982
923
2909
2986
923
2978
2989
2988
2991
926
2918
2995
926
2987
2998
2997
3000
929
2927
3004
929
3007
3563
3006
3009
932
2936
3013
932
3005
3016
3015
3018
935
2945
3022
935
3014
3025
3024
3027
938
2954
3031
938
3023
3034
3033
3036
941
2963
3040
941
3032
3043
3042
3045
944
2972
3049
944
3041
3052
3051
3054
947
2981
3058
947
3050
3061
3060
3063
950
2990
3067
950
3059
3070
3069
3072
953
2999
3076
953
3068
3079
3078
3081
956
3008
3085
956
3088
3572
3087
3090
959
3017
3094
959
3086
3097
3096
3099
962
3026
3103
962
3095
3106
3105
3108
965
3035
3112
965
3104
3115
3114
3117
1172
3044
3767
3113
3770
970
3053
3118
970
3773
1173
3120
973
3062
3124
973
3119
3127
3126
3129
976
3071
3133
976
3125
3136
3135
3138
979
3080
3142
979
3134
3145
3144
3147
982
3089
3151
982
2056
3154
3153
3156
985
3098
3160
985
3152
3163
3162
3165
988
3107
3169
988
1264
3161
1265
3170
991
3128
3171
991
3776
3173
3779
994
3137
3176
994
3172
3179
3178
3181
997
3146
3185
997
3177
3188
3187
3190
1000
4943
1000
1695
1697
1003
4946
1003
1701
1703
1006
4949
1006
1707
1709
1009
4952
1009
1713
1715
1012
4955
1012
1719
1721
1015
4958
1015
1725
1727
1018
4961
1018
1731
1733
1021
4964
1021
1737
1739
1024
4967
1024
1743
1745
1027
4970
1027
1749
1751
1030
4973
1030
1755
1757
1033
4976
1033
1761
1763
1037
5123
1037
1038
5126
1037
1765
2178
1766
4937
1040
1506
4727
1161
4922
1043
5003
1043
1770
1772
1046
5006
1046
1776
1778
1049
5009
1049
1782
1784
1052
5012
1052
1788
1790
1055
5015
1055
1794
1796
1058
5018
1058
1800
1802
1061
5021
1061
1806
1808
1064
5024
1064
1812
1814
1067
5027
1067
1818
1820
1070
5030
1070
1824
1826
1073
5033
1073
1830
1832
1076
5036
1076
1836
1838
1079
5039
1079
1842
1844
1082
5042
1082
1848
1850
1085
5045
1085
1854
1856
1088
5048
1088
1860
1862
1091
5051
1091
1866
1868
1094
5054
1094
1872
1874
1097
5057
1097
1878
1880
1100
5060
1100
1884
1886
1103
5063
1103
1890
1892
1106
5066
1106
1896
1898
1109
5069
1109
1902
1904
1112
5072
1112
1908
1910
1115
5075
1115
1914
1916
1118
5078
1118
1920
1922
1121
5081
1121
1926
1928
1124
5084
1124
1932
1934
1127
5087
1127
1938
1940
1130
5090
1130
1944
1946
1133
5093
1133
1950
1952
1136
5096
1136
1956
1958
1139
5099
1139
1962
1964
1142
5102
1142
1968
1970
1145
5105
1145
1974
1976
1148
5108
1148
1980
1982
1151
5111
1151
1986
1988
1154
5114
1154
1992
1994
1157
5117
1157
1998
2000
1160
5120
1160
2004
2006
1163
1506
1163
2007
1508
2009
1167
5132
1167
1168
5135
1167
2011
3536
2012
4730
1170
4733
2761
4736
3114
3117
4337
3047
3785
3123
4340
1176
1528
1176
1178
4160
1179
1529
1179
1180
2014
1179
3788
2015
1182
1531
1182
1184
4163
1185
1532
1185
1186
2017
1185
3791
2018
1188
1534
1188
1190
4166
1191
1535
1191
1192
2020
1191
3794
2021
1194
1537
1194
1196
4169
1197
1538
1197
1198
2023
1197
3797
2024
1200
1540
1200
1202
4172
1203
1541
1203
1204
2026
1203
3800
2027
1206
1543
1206
1208
4175
1209
1544
1209
1210
2029
1209
3803
2030
1212
1546
1212
1214
4178
1215
1547
1215
1216
2032
1215
3806
2033
1218
1549
1218
1220
4181
1221
1550
1221
1222
2035
1221
3809
2036
1224
1552
1224
1226
4184
1227
1553
1227
1228
2038
1227
3812
2039
1230
1555
1230
1232
4187
1233
1556
1233
1234
2041
1233
3815
2042
1236
1558
1236
1238
4190
1239
1559
1239
1240
2044
1239
3818
2045
1242
1561
1242
1244
4193
1245
1562
1245
1246
2047
1245
3821
2048
1248
1564
1248
1250
4196
1251
1565
1251
1252
2050
1251
3824
2051
1254
1567
1254
1256
4199
1257
1568
1257
1258
2053
1257
3827
2054
1260
1570
1260
1262
4202
1263
1571
1263
2056
3154
1263
3830
2057
1265
3166
4154
3836
1268
1573
3191
1268
1270
4217
1271
1574
1271
1272
2059
1271
3845
2060
1274
1576
1274
1276
4220
1277
1577
1277
1278
2062
1277
3848
2063
1280
1579
1280
1282
4223
1283
1580
1283
1284
2065
1283
3851
2066
1286
1582
1286
1288
4226
1289
1583
1289
1290
2068
1289
3854
2069
1292
1585
1292
1294
4229
1295
1586
1295
1296
2071
1295
3857
2072
1298
1588
1298
1300
4232
1301
1589
1301
1302
2074
1301
3860
2075
1304
1591
1304
1306
4235
1307
1592
1307
1308
2077
1307
3863
2078
1310
1594
1310
1312
4238
1313
1595
1313
1314
2080
1313
3866
2081
1316
1597
1316
1318
4241
1319
1598
1319
1320
2083
1319
3869
2084
1322
1600
1322
1324
4244
1325
1601
1325
1326
2086
1325
3872
2087
1328
1603
1328
1330
4247
1331
1604
1331
1332
2089
1331
3875
2090
1334
1606
1334
1336
4250
1337
1607
1337
1338
2092
1337
3878
2093
1340
1609
1340
1342
4253
1343
1610
1343
1344
2095
1343
3881
2096
1346
1612
1346
1348
4256
1349
1613
1349
1350
2098
1349
3884
2099
1352
1615
1352
1354
4259
1355
1616
1355
1356
2101
1355
3887
2102
1358
1618
1358
1360
4262
1361
1619
1361
1362
2104
1361
3890
2105
1364
1621
1364
1366
4265
1367
1622
1367
1368
2107
1367
3893
2108
1370
1624
1370
1372
4268
1373
1625
1373
1374
2110
1373
3896
2111
1376
1627
1376
1378
4271
1379
1628
1379
1380
2113
1379
3899
2114
1382
1630
1382
1384
4274
1385
1631
1385
1386
2116
1385
3902
2117
1388
1633
1388
1390
4277
1391
1634
1391
1392
2119
1391
3905
2120
1394
1636
1394
1396
4280
1397
1637
1397
1398
2122
1397
3908
2123
1400
1639
1400
1402
4283
1403
1640
1403
1404
2125
1403
3911
2126
1406
1642
1406
1408
4286
1409
1643
1409
1410
2128
1409
3914
2129
1412
1645
1412
1414
4289
1415
1646
1415
1416
2131
1415
3917
2132
1418
1648
1418
1420
4292
1421
1649
1421
1422
2134
1421
3920
2135
1424
1651
1424
1426
4295
1427
1652
1427
1428
2137
1427
3923
2138
1430
1654
1430
1432
4298
1433
1655
1433
1434
2140
1433
3926
2141
1436
1657
1436
1438
4301
1439
1658
1439
1440
2143
1439
3929
2144
1442
1660
1442
1444
4304
1445
1661
1445
1446
2146
1445
3932
2147
1448
1663
1448
1450
4307
1451
1664
1451
1452
2149
1451
3935
2150
1454
1666
1454
1456
4310
1457
1667
1457
1458
2152
1457
3938
2153
1460
1669
1460
1462
4313
1463
1670
1463
1464
2155
1463
3941
2156
1466
1672
1466
1468
4316
1469
1673
1469
1470
2158
1469
3944
2159
1472
1675
1472
1474
4319
1475
1676
1475
1476
2161
1475
3947
2162
1478
1678
1478
1480
4322
1481
1679
1481
1482
2164
1481
3950
2165
1484
1681
1484
1486
4325
1487
1682
1487
1488
2167
1487
3953
2168
1490
1684
1490
1492
4328
1493
1685
1493
1494
2170
1493
3956
2171
1496
1687
1496
1498
4331
1499
1688
1499
1500
2173
1499
3959
2174
1502
1690
1502
1504
4334
1505
1691
1505
2176
1505
3962
2177
1508
1508
2179
2187
2189
1511
1768
2584
1511
2753
3533
2584
3535
1514
2834
3542
1514
2590
3534
2590
3544
1517
2915
3551
1517
2596
3543
2596
3553
1520
2996
3560
1520
2602
3552
2602
3562
1523
3077
3569
1523
2608
3561
2608
3571
1526
3143
3578
1526
2614
3570
2614
3580
1529
2013
3375
1529
2015
1532
2016
3378
1532
2014
2018
1535
2019
3381
1535
2017
2021
1538
2022
3384
1538
2020
2024
1541
2025
3387
1541
2023
2027
1544
2028
3390
1544
2026
2030
1547
2031
3393
1547
2029
2033
1550
2034
3396
1550
2032
2036
1553
2037
3399
1553
2035
2039
1556
2040
3402
1556
2038
2042
1559
2043
3405
1559
2041
2045
1562
2046
3408
1562
2044
2048
1565
2049
3411
1565
2047
2051
1568
2052
3414
1568
2050
2054
1571
2055
2612
1571
2053
2057
1574
2058
3579
1574
3186
2060
1577
2061
3417
1577
2059
2063
1580
2064
3420
1580
2062
2066
1583
2067
3423
1583
2065
2069
1586
2070
3426
1586
2068
2072
1589
2073
3429
1589
2071
2075
1592
2076
3432
1592
2074
2078
1595
2079
3435
1595
2077
2081
1598
2082
3438
1598
2080
2084
1601
2085
3441
1601
2083
2087
1604
2088
3444
1604
2086
2090
1607
2091
3447
1607
2089
2093
1610
2094
3450
1610
2092
2096
1613
2097
3453
1613
2095
2099
1616
2100
3456
1616
2098
2102
1619
2103
3459
1619
2101
2105
1622
2106
3462
1622
2104
2108
1625
2109
3465
1625
2107
2111
1628
2112
3468
1628
2110
2114
1631
2115
3471
1631
2113
2117
1634
2118
3474
1634
2116
2120
1637
2121
3477
1637
2119
2123
1640
2124
3480
1640
2122
2126
1643
2127
3483
1643
2125
2129
1646
2130
3486
1646
2128
2132
1649
2133
3489
1649
2131
2135
1652
2136
3492
1652
2134
2138
1655
2139
3495
1655
2137
2141
1658
2142
3498
1658
2140
2144
1661
2145
3501
1661
2143
2147
1664
2148
3504
1664
2146
2150
1667
2151
3507
1667
2149
2153
1670
2154
3510
1670
2152
2156
1673
2157
3513
1673
2155
2159
1676
2160
3516
1676
2158
2162
1679
2163
3519
1679
2161
2165
1682
2166
3522
1682
2164
2168
1685
2169
3525
1685
2167
2171
1688
2172
3528
1688
2170
2174
1691
2175
3531
1691
2173
2177
1694
1694
1696
1697
1697
1698
1697
3194
1700
1700
1702
1703
1703
1704
1703
3197
1706
1706
1708
1709
1709
1710
1709
3200
1712
1712
1714
1715
1715
1716
1715
3203
1718
1718
1720
1721
1721
1722
1721
3206
1724
1724
1726
1727
1727
1728
1727
3209
1730
1730
1732
1733
1733
1734
1733
3212
1736
1736
1738
1739
1739
1740
1739
3215
1742
1742
1744
1745
1745
1746
1745
3218
1748
1748
1750
1751
1751
1752
1751
3221
1754
1754
1756
1757
1757
1758
1757
3224
1760
1760
1762
1763
1763
1764
1763
3227
1766
1766
2181
1769
2686
1769
1771
1772
1772
1773
1772
2584
1775
1775
1777
1778
1778
1779
1778
3230
1781
1781
1783
1784
1784
1785
1784
3233
1787
1787
1789
1790
1790
1791
1790
3236
1793
1793
1795
1796
1796
1797
1796
3239
1799
1799
1801
1802
1802
1803
1802
3242
1805
1805
1807
1808
1808
1809
1808
3245
1811
1811
1813
1814
1814
1815
1814
3248
1817
1817
1819
1820
1820
1821
1820
3251
1823
1823
1825
1826
1826
1827
1826
3254
1829
1829
1831
1832
1832
1833
1832
3257
1835
1835
1837
1838
1838
1839
1838
3260
1841
1841
1843
1844
1844
1845
1844
3263
1847
1847
1849
1850
1850
1851
1850
3266
1853
1853
1855
1856
1856
1857
1856
3269
1859
1859
1861
1862
1862
1863
1862
3272
1865
1865
1867
1868
1868
1869
1868
3275
1871
1871
1873
1874
1874
1875
1874
3278
1877
1877
1879
1880
1880
1881
1880
3281
1883
1883
1885
1886
1886
1887
1886
3284
1889
1889
1891
1892
1892
1893
1892
3287
1895
1895
1897
1898
1898
1899
1898
3290
1901
1901
1903
1904
1904
1905
1904
3293
1907
1907
1909
1910
1910
1911
1910
3296
1913
1913
1915
1916
1916
1917
1916
3299
1919
1919
1921
1922
1922
1923
1922
3302
1925
1925
1927
1928
1928
1929
1928
3305
1931
1931
1933
1934
1934
1935
1934
3308
1937
1937
1939
1940
1940
1941
1940
3311
1943
1943
1945
1946
1946
1947
1946
3314
1949
1949
1951
1952
1952
1953
1952
3317
1955
1955
1957
1958
1958
1959
1958
3320
1961
1961
1963
1964
1964
1965
1964
3323
1967
1967
1969
1970
1970
1971
1970
3326
1973
1973
1975
1976
1976
1977
1976
3329
1979
1979
1981
1982
1982
1983
1982
3332
1985
1985
1987
1988
1988
1989
1988
3335
1991
1991
1993
1994
1994
1995
1994
3338
1997
1997
1999
2000
2000
2001
2000
3341
2003
2003
2005
2006
2006
2006
3344
2009
2010
2009
2188
3350
2189
2012
2012
2184
2015
3376
2015
2018
3379
2018
2021
3382
2021
2024
3385
2024
2027
3388
2027
2030
3391
2030
2033
3394
2033
2036
3397
2036
2039
3400
2039
2042
3403
2042
2045
3406
2045
2048
3409
2048
2051
3412
2051
2054
3415
2054
2057
3576
2057
2060
2616
2060
2063
3418
2063
2066
3421
2066
2069
3424
2069
2072
3427
2072
2075
3430
2075
2078
3433
2078
2081
3436
2081
2084
3439
2084
2087
3442
2087
2090
3445
2090
2093
3448
2093
2096
3451
2096
2099
3454
2099
2102
3457
2102
2105
3460
2105
2108
3463
2108
2111
3466
2111
2114
3469
2114
2117
3472
2117
2120
3475
2120
2123
3478
2123
2126
3481
2126
2129
3484
2129
2132
3487
2132
2135
3490
2135
2138
3493
2138
2141
3496
2141
2144
3499
2144
2147
3502
2147
2150
3505
2150
2153
3508
2153
2156
3511
2156
2159
3514
2159
2162
3517
2162
2165
3520
2165
2168
3523
2168
2171
3526
2171
2174
3529
2174
2177
3532
2177
2180
2181
2180
2183
2183
2183
3227
2186
3536
2186
2588
3350
2588
3538
2189
2189
2191
2239
3195
3196
2192
2240
3198
3199
2193
2241
3201
3202
2194
2242
3204
3205
2195
2243
3207
3208
2196
2244
3210
3211
2197
2245
3213
3214
2198
2246
3216
3217
2199
2247
3219
3220
2200
2248
3222
3223
2249
3225
3226
3582
2202
2252
3234
3235
3353
3355
2203
2253
3237
3238
2204
2254
3240
3241
2205
2255
3243
3244
2206
2256
3246
3247
2207
2257
3249
3250
2208
2258
3252
3253
2209
2259
3255
3256
2210
2260
3258
3259
2211
2261
3261
3262
2212
2262
3264
3265
2213
2263
3267
3268
2214
2264
3270
3271
2215
2265
3273
3274
2216
2266
3276
3277
2217
2267
3279
3280
2218
2268
3282
3283
2219
2269
3285
3286
2220
2270
3288
3289
2221
2271
3291
3292
2222
2272
3294
3295
2223
2273
3297
3298
2224
2274
3300
3301
2225
2275
3303
3304
2226
2276
3306
3307
2227
2277
3309
3310
2228
2278
3312
3313
2229
2279
3315
3316
2230
2280
3318
3319
2231
2281
3321
3322
2232
2282
3324
3325
2233
2283
3327
3328
2234
2284
3330
3331
2235
2285
3333
3334
2236
2286
3336
3337
2237
2287
3339
3340
2238
2288
3342
3343
2289
3345
3346
2240
2290
2241
2291
2242
2292
2243
2293
2244
2294
2245
2295
2246
2296
2247
2297
2248
2298
2249
2299
2250
2300
2251
2301
3582
3583
2302
3348
3349
3357
2253
2303
3359
3361
2254
2304
2255
2305
2256
2306
2257
2307
2258
2308
2259
2309
2260
2310
2261
2311
2262
2312
2263
2313
2264
2314
2265
2315
2266
2316
2267
2317
2268
2318
2269
2319
2270
2320
2271
2321
2272
2322
2273
2323
2274
2324
2275
2325
2276
2326
2277
2327
2278
2328
2279
2329
2280
2330
2281
2331
2282
2332
2283
2333
2284
2334
2285
2335
2286
2336
2287
2337
2288
2338
2289
2339
2340
2291
2341
2292
2342
2293
2343
2294
2344
2295
2345
2296
2346
2297
2347
2298
2348
2299
2349
2300
2350
2301
2351
2302
2352
2353
3363
2304
2354
3365
3367
2305
2355
2306
2356
2307
2357
2308
2358
2309
2359
2310
2360
2311
2361
2312
2362
2313
2363
2314
2364
2315
2365
2316
2366
2317
2367
2318
2368
2319
2369
2320
2370
2321
2371
2322
2372
2323
2373
2324
2374
2325
2375
2326
2376
2327
2377
2328
2378
2329
2379
2330
2380
2331
2381
2332
2382
2333
2383
2334
2384
2335
2385
2336
2386
2337
2387
2338
2388
2339
2389
2340
2390
2391
2342
3374
2343
3377
2344
3380
2345
3383
2346
3386
2347
3389
2348
3392
2349
3395
2350
3398
2351
3401
2352
3404
2353
3407
3369
3410
2355
3371
3373
3419
2356
3422
2357
3425
2358
3428
2359
3431
2360
3434
2361
3437
2362
3440
2363
3443
2364
3446
2365
3449
2366
3452
2367
3455
2368
3458
2369
3461
2370
3464
2371
3467
2372
3470
2373
3473
2374
3476
2375
3479
2376
3482
2377
3485
2378
3488
2379
3491
2380
3494
2381
3497
2382
3500
2383
3503
2384
3506
2385
3509
2386
3512
2387
3515
2388
3518
2389
3521
2390
3524
2391
3527
3530
2617
2618
4775
2620
2621
4925
2396
2416
2623
2624
2626
2627
4778
2629
2630
2399
2419
2632
2633
2635
2636
4781
2638
2639
2402
2422
2641
2642
2644
2645
4784
2647
2648
2405
2425
2650
2651
2653
2654
4787
2656
2657
2408
2428
2659
2660
2662
2663
4790
2665
2666
2411
2431
2668
2669
2671
2672
4793
2674
2675
2414
2434
2677
2678
2680
2681
4796
2683
2684
2437
2686
2687
2689
2690
2692
2693
4928
2420
2443
2695
2696
2698
2699
2701
2702
2423
2446
2704
2705
2707
2708
2710
2711
2426
2449
2713
2714
2716
2717
2719
2720
2429
2452
2722
2723
2725
2726
2728
2729
2432
2455
2731
2732
2734
2735
2737
2738
2435
2458
2740
2741
2743
2744
2746
2747
2438
2461
2749
2750
2752
2753
2755
2756
2464
2585
2758
2759
2761
2762
4931
2589
2764
2765
2444
2467
2767
2768
2770
2771
2773
2774
2447
2470
2776
2777
2779
2780
2782
2783
2450
2473
2785
2786
2788
2789
2791
2792
2453
2476
2794
2795
2797
2798
2800
2801
2456
2479
2803
2804
2806
2807
2809
2810
2459
2482
2812
2813
2815
2816
2818
2819
2462
2485
2821
2822
2824
2825
2827
2828
2465
2488
2830
2831
2833
2834
2836
2837
2491
2591
2839
2840
2842
2843
2595
2845
2846
2471
2494
2848
2849
2851
2852
2854
2855
2474
2497
2857
2858
2860
2861
2863
2864
2477
2500
2866
2867
2869
2870
2872
2873
2480
2503
2875
2876
2878
2879
2881
2882
2483
2506
2884
2885
2887
2888
2890
2891
2486
2509
2893
2894
2896
2897
2899
2900
2489
2512
2902
2903
2905
2906
2908
2909
2492
2515
2911
2912
2914
2915
2917
2918
2518
2597
2920
2921
2923
2924
2601
2926
2927
2498
2521
2929
2930
2932
2933
2935
2936
2501
2524
2938
2939
2941
2942
2944
2945
2504
2527
2947
2948
2950
2951
2953
2954
2507
2530
2956
2957
2959
2960
2962
2963
2510
2533
2965
2966
2968
2969
2971
2972
2513
2536
2974
2975
2977
2978
2980
2981
2516
2539
2983
2984
2986
2987
2989
2990
2519
2542
2992
2993
2995
2996
2998
2999
2545
2603
3001
3002
3004
3005
2607
3007
3008
2525
2548
3010
3011
3013
3014
3016
3017
2528
2551
3019
3020
3022
3023
3025
3026
2531
2554
3028
3029
3031
3032
3034
3035
2534
2557
3037
3038
3040
3041
3043
3044
2537
3046
3047
3049
3050
3052
3053
2540
2559
3055
3056
3058
3059
3061
3062
2543
2561
3064
3065
3067
3068
3070
3071
2546
2564
3073
3074
3076
3077
3079
3080
2567
2609
3082
3083
3085
3086
2613
3088
3089
2552
2570
3091
3092
3094
3095
3097
3098
2555
2573
3100
3101
3103
3104
3106
3107
2558
2575
3109
3110
3112
3113
3115
3116
3965
3118
3119
2562
3121
3122
3124
3125
3127
3128
2565
2576
3130
3131
3133
3134
3136
3137
2568
2578
3139
3140
3142
3143
3145
3146
2581
2615
3148
3149
3151
3152
3154
3155
4016
2574
3157
3158
3632
3160
3161
3163
3164
4019
3169
3968
3171
3172
2579
3174
3638
3176
3177
3179
3180
4022
2582
3182
3183
3641
3185
3186
3188
3189
4025
3191
3192
3644
2586
3533
3534
2590
3231
3534
3535
3536
3537
3352
3540
3541
2593
3539
3540
2592
3542
3543
2596
3354
3543
3544
3545
3546
3358
3549
3550
2599
3548
3549
2598
3551
3552
2602
3360
3552
3553
3554
3555
3364
3558
3559
2605
3557
3558
2604
3560
3561
2608
3366
3561
3562
3563
3564
3370
3567
3568
2611
3566
3567
2610
3569
3570
2614
3372
3570
3571
3572
3573
3415
3576
3577
3575
3576
2616
3578
3579
3417
3579
3580
2619
4979
2619
2623
2625
2622
5129
2622
2624
2625
2625
2629
2625
2689
2628
4982
2628
2632
2634
2631
2631
2633
2634
2634
2638
2634
2698
2637
4985
2637
2641
2643
2640
2640
2642
2643
2643
2647
2643
2707
2646
4988
2646
2650
2652
2649
2649
2651
2652
2652
2656
2652
2716
2655
4991
2655
2659
2661
2658
2658
2660
2661
2661
2665
2661
2725
2664
4994
2664
2668
2670
2667
2667
2669
2670
2670
2674
2670
2734
2673
4997
2673
2677
2679
2676
2676
2678
2679
2679
2683
2679
2743
2682
5000
2682
2686
2688
2685
2685
2687
2688
2688
2688
2752
2691
2691
2695
2697
2694
5138
2694
2696
2697
2697
2701
2697
2770
2700
2700
2704
2706
2703
2703
2705
2706
2706
2710
2706
2779
2709
2709
2713
2715
2712
2712
2714
2715
2715
2719
2715
2788
2718
2718
2722
2724
2721
2721
2723
2724
2724
2728
2724
2797
2727
2727
2731
2733
2730
2730
2732
2733
2733
2737
2733
2806
2736
2736
2740
2742
2739
2739
2741
2742
2742
2746
2742
2815
2745
2745
2749
2751
2748
2748
2750
2751
2751
2755
2751
2824
2754
2754
2758
2760
2757
2757
2759
2760
2760
3533
2760
2833
2763
2763
2767
2769
2766
3539
2766
2768
2769
2769
2773
2769
2842
2772
2772
2776
2778
2775
2775
2777
2778
2778
2782
2778
2851
2781
2781
2785
2787
2784
2784
2786
2787
2787
2791
2787
2860
2790
2790
2794
2796
2793
2793
2795
2796
2796
2800
2796
2869
2799
2799
2803
2805
2802
2802
2804
2805
2805
2809
2805
2878
2808
2808
2812
2814
2811
2811
2813
2814
2814
2818
2814
2887
2817
2817
2821
2823
2820
2820
2822
2823
2823
2827
2823
2896
2826
2826
2830
2832
2829
2829
2831
2832
2832
2836
2832
2905
2835
2835
2839
2841
2838
2838
2840
2841
2841
3542
2841
2914
2844
2844
2848
2850
2847
3548
2847
2849
2850
2850
2854
2850
2923
2853
2853
2857
2859
2856
2856
2858
2859
2859
2863
2859
2932
2862
2862
2866
2868
2865
2865
2867
2868
2868
2872
2868
2941
2871
2871
2875
2877
2874
2874
2876
2877
2877
2881
2877
2950
2880
2880
2884
2886
2883
2883
2885
2886
2886
2890
2886
2959
2889
2889
2893
2895
2892
2892
2894
2895
2895
2899
2895
2968
2898
2898
2902
2904
2901
2901
2903
2904
2904
2908
2904
2977
2907
2907
2911
2913
2910
2910
2912
2913
2913
2917
2913
2986
2916
2916
2920
2922
2919
2919
2921
2922
2922
3551
2922
2995
2925
2925
2929
2931
2928
3557
2928
2930
2931
2931
2935
2931
3004
2934
2934
2938
2940
2937
2937
2939
2940
2940
2944
2940
3013
2943
2943
2947
2949
2946
2946
2948
2949
2949
2953
2949
3022
2952
2952
2956
2958
2955
2955
2957
2958
2958
2962
2958
3031
2961
2961
2965
2967
2964
2964
2966
2967
2967
2971
2967
3040
2970
2970
2974
2976
2973
2973
2975
2976
2976
2980
2976
3049
2979
2979
2983
2985
2982
2982
2984
2985
2985
2989
2985
3058
2988
2988
2992
2994
2991
2991
2993
2994
2994
2998
2994
3067
2997
2997
3001
3003
3000
3000
3002
3003
3003
3560
3003
3076
3006
3006
3010
3012
3009
3566
3009
3011
3012
3012
3016
3012
3085
3015
3015
3019
3021
3018
3018
3020
3021
3021
3025
3021
3094
3024
3024
3028
3030
3027
3027
3029
3030
3030
3034
3030
3103
3033
3033
3037
3039
3036
3036
3038
3039
3039
3043
3039
3112
3042
3042
3046
3048
3045
3045
3047
3048
3048
3052
3048
3051
3051
3055
3057
3054
3054
3056
3057
3057
3061
3057
3118
3060
3060
3064
3066
3063
3063
3065
3066
3066
3070
3066
3124
3069
3069
3073
3075
3072
3072
3074
3075
3075
3079
3075
3133
3078
3078
3082
3084
3081
3081
3083
3084
3084
3569
3084
3142
3087
3087
3091
3093
3090
3575
3090
3092
3093
3093
3097
3093
3151
3096
3096
3100
3102
3099
3099
3101
3102
3102
3106
3102
3160
3105
3105
3109
3111
3108
3108
3110
3111
3111
3115
3111
3169
3114
3114
3782
3117
3117
4157
3120
3120
3121
3123
3123
3127
3123
4343
3126
3126
3130
3132
3129
3129
3131
3132
3132
3136
3132
3171
3135
3135
3139
3141
3138
3138
3140
3141
3141
3145
3141
3176
3144
3144
3148
3150
3147
3147
3149
3150
3150
3578
3150
3185
3153
3153
3157
3159
3156
3156
3158
4205
3159
3159
3163
3159
3833
3162
3162
3166
3168
3165
3165
3167
4208
3168
3168
4148
3168
4151
3170
4346
3173
3173
3174
3175
3175
3179
4349
3178
3178
3182
3184
3181
3181
3183
4211
3184
3184
3188
3184
3839
3187
3187
3191
3193
3190
3190
3192
4214
3193
3193
3193
3842
3196
3196
3198
3199
3199
3201
3202
3202
3204
3205
3205
3207
3208
3208
3210
3211
3211
3213
3214
3214
3216
3217
3217
3219
3220
3220
3222
3223
3223
3225
3226
3226
3228
3229
3229
3581
3232
3232
3234
3353
3235
3235
3237
3238
3238
3240
3241
3241
3243
3244
3244
3246
3247
3247
3249
3250
3250
3252
3253
3253
3255
3256
3256
3258
3259
3259
3261
3262
3262
3264
3265
3265
3267
3268
3268
3270
3271
3271
3273
3274
3274
3276
3277
3277
3279
3280
3280
3282
3283
3283
3285
3286
3286
3288
3289
3289
3291
3292
3292
3294
3295
3295
3297
3298
3298
3300
3301
3301
3303
3304
3304
3306
3307
3307
3309
3310
3310
3312
3313
3313
3315
3316
3316
3318
3319
3319
3321
3322
3322
3324
3325
3325
3327
3328
3328
3330
3331
3331
3333
3334
3334
3336
3337
3337
3339
3340
3340
3342
3343
3343
3345
3346
3346
3349
3349
3583
3351
3352
3352
3356
3355
3355
3359
3358
3358
3362
3361
3361
3365
3364
3364
3368
3367
3367
3371
3370
3370
3413
3373
3373
3416
3376
3376
3378
3379
3379
3381
3382
3382
3384
3385
3385
3387
3388
3388
3390
3391
3391
3393
3394
3394
3396
3397
3397
3399
3400
3400
3402
3403
3403
3405
3406
3406
3408
3409
3409
3411
3412
3412
3414
3415
3415
3418
3418
3420
3421
3421
3423
3424
3424
3426
3427
3427
3429
3430
3430
3432
3433
3433
3435
3436
3436
3438
3439
3439
3441
3442
3442
3444
3445
3445
3447
3448
3448
3450
3451
3451
3453
3454
3454
3456
3457
3457
3459
3460
3460
3462
3463
3463
3465
3466
3466
3468
3469
3469
3471
3472
3472
3474
3475
3475
3477
3478
3478
3480
3481
3481
3483
3484
3484
3486
3487
3487
3489
3490
3490
3492
3493
3493
3495
3496
3496
3498
3499
3499
3501
3502
3502
3504
3505
3505
3507
3508
3508
3510
3511
3511
3513
3514
3514
3516
3517
3517
3519
3520
3520
3522
3523
3523
3525
3526
3526
3528
3529
3529
3531
3532
3532
3535
3535
3538
3538
3539
3541
3541
3541
3546
3544
3544
3547
3548
3547
3550
3550
3550
3555
3553
3553
3556
3557
3556
3559
3559
3559
3564
3562
3562
3565
3566
3565
3568
3568
3568
3573
3571
3571
3574
3575
3574
3577
3577
3577
3580
3580
3583
3583
3585
3773
3785
3586
3774
3786
3775
3787
3588
3788
3974
3589
3789
3975
3790
3976
3591
3791
3977
3592
3792
3978
3793
3979
3594
3794
3980
3595
3795
3981
3796
3982
3597
3797
3983
3598
3798
3984
3799
3985
3600
3800
3986
3601
3801
3987
3802
3988
3603
3803
3989
3604
3804
3990
3805
3991
3606
3806
3992
3607
3807
3993
3808
3994
3609
3809
3995
3610
3810
3996
3811
3997
3612
3812
3998
3613
3813
3999
3814
4000
3615
3815
4001
3616
3816
4002
3817
4003
3618
3818
4004
3619
3819
4005
3820
4006
3621
3821
4007
3622
3822
4008
3823
4009
3624
3824
4010
3625
3825
4011
3826
4012
3627
3827
4013
3628
3828
4014
3829
4015
3630
3830
4016
3631
3831
4017
3832
4018
3633
3833
4019
3634
3834
4020
3835
4021
3636
3776
4343
3637
3777
4344
3778
4345
3639
4022
4349
3640
4023
4350
4024
4351
3642
3839
4025
3643
3840
4026
3841
4027
3645
3842
4028
3646
3843
4029
3844
4030
3648
3845
4031
3649
3846
4032
3847
4033
3651
3848
4034
3652
3849
4035
3850
4036
3654
3851
4037
3655
3852
4038
3853
4039
3657
3854
4040
3658
3855
4041
3856
4042
3660
3857
4043
3661
3858
4044
3859
4045
3663
3860
4046
3664
3861
4047
3862
4048
3666
3863
4049
3667
3864
4050
3865
4051
3669
3866
4052
3670
3867
4053
3868
4054
3672
3869
4055
3673
3870
4056
3871
4057
3675
3872
4058
3676
3873
4059
3874
4060
3678
3875
4061
3679
3876
4062
3877
4063
3681
3878
4064
3682
3879
4065
3880
4066
3684
3881
4067
3685
3882
4068
3883
4069
3687
3884
4070
3688
3885
4071
3886
4072
3690
3887
4073
3691
3888
4074
3889
4075
3693
3890
4076
3694
3891
4077
3892
4078
3696
3893
4079
3697
3894
4080
3895
4081
3699
3896
4082
3700
3897
4083
3898
4084
3702
3899
4085
3703
3900
4086
3901
4087
3705
3902
4088
3706
3903
4089
3904
4090
3708
3905
4091
3709
3906
4092
3907
4093
3711
3908
4094
3712
3909
4095
3910
4096
3714
3911
4097
3715
3912
4098
3913
4099
3717
3914
4100
3718
3915
4101
3916
4102
3720
3917
4103
3721
3918
4104
3919
4105
3723
3920
4106
3724
3921
4107
3922
4108
3726
3923
4109
3727
3924
4110
3925
4111
3729
3926
4112
3730
3927
4113
3928
4114
3732
3929
4115
3733
3930
4116
3931
4117
3735
3932
4118
3736
3933
4119
3934
4120
3738
3935
4121
3739
3936
4122
3937
4123
3741
3938
4124
3742
3939
4125
3940
4126
3744
3941
4127
3745
3942
4128
3943
4129
3747
3944
4130
3748
3945
4131
3946
4132
3750
3947
4133
3751
3948
4134
3949
4135
3753
3950
4136
3754
3951
4137
3952
4138
3756
3953
4139
3757
3954
4140
3955
4141
3759
3956
4142
3760
3957
4143
3958
4144
3762
3959
4145
3763
3960
4146
3961
4147
3765
3962
3766
3963
3964
3768
3770
3785
3769
3771
3786
3772
3787
3771
3782
3772
3783
3784
3774
4340
3775
4341
4342
3777
3779
3778
3780
3781
3780
4349
3781
4350
4351
3783
4337
3784
4338
4339
3786
3787
3789
4160
3790
4161
4162
3792
4163
3793
4164
4165
3795
4166
3796
4167
4168
3798
4169
3799
4170
4171
3801
4172
3802
4173
4174
3804
4175
3805
4176
4177
3807
4178
3808
4179
4180
3810
4181
3811
4182
4183
3813
4184
3814
4185
4186
3816
4187
3817
4188
4189
3819
4190
3820
4191
4192
3822
4193
3823
4194
4195
3825
4196
3826
4197
4198
3828
4199
3829
4200
4201
3831
4202
3832
4203
4204
3834
4205
3835
4206
4207
3837
4154
4346
3838
4155
4347
4156
4348
3840
4211
3841
4212
4213
3843
4214
3844
4215
4216
3846
4217
3847
4218
4219
3849
4220
3850
4221
4222
3852
4223
3853
4224
4225
3855
4226
3856
4227
4228
3858
4229
3859
4230
4231
3861
4232
3862
4233
4234
3864
4235
3865
4236
4237
3867
4238
3868
4239
4240
3870
4241
3871
4242
4243
3873
4244
3874
4245
4246
3876
4247
3877
4248
4249
3879
4250
3880
4251
4252
3882
4253
3883
4254
4255
3885
4256
3886
4257
4258
3888
4259
3889
4260
4261
3891
4262
3892
4263
4264
3894
4265
3895
4266
4267
3897
4268
3898
4269
4270
3900
4271
3901
4272
4273
3903
4274
3904
4275
4276
3906
4277
3907
4278
4279
3909
4280
3910
4281
4282
3912
4283
3913
4284
4285
3915
4286
3916
4287
4288
3918
4289
3919
4290
4291
3921
4292
3922
4293
4294
3924
4295
3925
4296
4297
3927
4298
3928
4299
4300
3930
4301
3931
4302
4303
3933
4304
3934
4305
4306
3936
4307
3937
4308
4309
3939
4310
3940
4311
4312
3942
4313
3943
4314
4315
3945
4316
3946
4317
4318
3948
4319
3949
4320
4321
3951
4322
3952
4323
4324
3954
4325
3955
4326
4327
3957
4328
3958
4329
4330
3960
4331
3961
4332
4333
3963
4334
3964
4335
4336
3966
3968
4157
3967
3969
4158
3970
4159
3969
4346
3970
4347
4348
3972
4160
3973
4161
4162
3975
4163
3976
4164
4165
3978
4166
3979
4167
4168
3981
4169
3982
4170
4171
3984
4172
3985
4173
4174
3987
4175
3988
4176
4177
3990
4178
3991
4179
4180
3993
4181
3994
4182
4183
3996
4184
3997
4185
4186
3999
4187
4000
4188
4189
4002
4190
4003
4191
4192
4005
4193
4006
4194
4195
4008
4196
4009
4197
4198
4011
4199
4012
4200
4201
4014
4202
4015
4203
4204
4017
4205
4018
4206
4207
4020
4208
4021
4209
4210
4023
4211
4024
4212
4213
4026
4214
4027
4215
4216
4029
4217
4030
4218
4219
4032
4220
4033
4221
4222
4035
4223
4036
4224
4225
4038
4226
4039
4227
4228
4041
4229
4042
4230
4231
4044
4232
4045
4233
4234
4047
4235
4048
4236
4237
4050
4238
4051
4239
4240
4053
4241
4054
4242
4243
4056
4244
4057
4245
4246
4059
4247
4060
4248
4249
4062
4250
4063
4251
4252
4065
4253
4066
4254
4255
4068
4256
4069
4257
4258
4071
4259
4072
4260
4261
4074
4262
4075
4263
4264
4077
4265
4078
4266
4267
4080
4268
4081
4269
4270
4083
4271
4084
4272
4273
4086
4274
4087
4275
4276
4089
4277
4090
4278
4279
4092
4280
4093
4281
4282
4095
4283
4096
4284
4285
4098
4286
4099
4287
4288
4101
4289
4102
4290
4291
4104
4292
4105
4293
4294
4107
4295
4108
4296
4297
4110
4298
4111
4299
4300
4113
4301
4114
4302
4303
4116
4304
4117
4305
4306
4119
4307
4120
4308
4309
4122
4310
4123
4311
4312
4125
4313
4126
4314
4315
4128
4316
4129
4317
4318
4131
4319
4132
4320
4321
4134
4322
4135
4323
4324
4137
4325
4138
4326
4327
4140
4328
4141
4329
4330
4143
4331
4144
4332
4333
4146
4334
4147
4335
4336
4149
4151
4154
4150
4152
4155
4153
4156
4152
4208
4153
4209
4210
4155
4156
4158
4337
4159
4338
4339
4161
4162
4164
4165
4167
4168
4170
4171
4173
4174
4176
4177
4179
4180
4182
4183
4185
4186
4188
4189
4191
4192
4194
4195
4197
4198
4200
4201
4203
4204
4206
4207
4209
4210
4212
4213
4215
4216
4218
4219
4221
4222
4224
4225
4227
4228
4230
4231
4233
4234
4236
4237
4239
4240
4242
4243
4245
4246
4248
4249
4251
4252
4254
4255
4257
4258
4260
4261
4263
4264
4266
4267
4269
4270
4272
4273
4275
4276
4278
4279
4281
4282
4284
4285
4287
4288
4290
4291
4293
4294
4296
4297
4299
4300
4302
4303
4305
4306
4308
4309
4311
4312
4314
4315
4317
4318
4320
4321
4323
4324
4326
4327
4329
4330
4332
4333
4335
4336
4338
4339
4341
4343
4342
4344
4345
4344
4345
4347
4348
4350
4351
4353
4541
4354
4542
4543
4356
4544
4739
4357
4545
4740
4546
4741
4359
4547
4742
4360
4548
4743
4549
4744
4362
4550
4745
4363
4551
4746
4552
4747
4365
4553
4748
4366
4554
4749
4555
4750
4368
4556
4751
4369
4557
4752
4558
4753
4371
4559
4754
4372
4560
4755
4561
4756
4374
4562
4757
4375
4563
4758
4564
4759
4377
4565
4760
4378
4566
4761
4567
4762
4380
4568
4763
4381
4569
4764
4570
4765
4383
4571
4766
4384
4572
4767
4573
4768
4386
4574
4769
4387
4575
4770
4576
4771
4389
4772
4934
4390
4773
4935
4774
4936
4392
4577
5141
4393
4578
5142
4579
5143
4395
4583
4775
4396
4584
4776
4585
4777
4398
4586
4778
4399
4587
4779
4588
4780
4401
4589
4781
4402
4590
4782
4591
4783
4404
4592
4784
4405
4593
4785
4594
4786
4407
4595
4787
4408
4596
4788
4597
4789
4410
4598
4790
4411
4599
4791
4600
4792
4413
4601
4793
4414
4602
4794
4603
4795
4416
4604
4796
4417
4605
4797
4606
4798
4419
4607
4799
4420
4608
4800
4609
4801
4422
4610
4802
4423
4611
4803
4612
4804
4425
4613
4805
4426
4614
4806
4615
4807
4428
4616
4808
4429
4617
4809
4618
4810
4431
4619
4811
4432
4620
4812
4621
4813
4434
4622
4814
4435
4623
4815
4624
4816
4437
4625
4817
4438
4626
4818
4627
4819
4440
4628
4820
4441
4629
4821
4630
4822
4443
4631
4823
4444
4632
4824
4633
4825
4446
4634
4826
4447
4635
4827
4636
4828
4449
4637
4829
4450
4638
4830
4639
4831
4452
4640
4832
4453
4641
4833
4642
4834
4455
4643
4835
4456
4644
4836
4645
4837
4458
4646
4838
4459
4647
4839
4648
4840
4461
4649
4841
4462
4650
4842
4651
4843
4464
4652
4844
4465
4653
4845
4654
4846
4467
4655
4847
4468
4656
4848
4657
4849
4470
4658
4850
4471
4659
4851
4660
4852
4473
4661
4853
4474
4662
4854
4663
4855
4476
4664
4856
4477
4665
4857
4666
4858
4479
4667
4859
4480
4668
4860
4669
4861
4482
4670
4862
4483
4671
4863
4672
4864
4485
4673
4865
4486
4674
4866
4675
4867
4488
4676
4868
4489
4677
4869
4678
4870
4491
4679
4871
4492
4680
4872
4681
4873
4494
4682
4874
4495
4683
4875
4684
4876
4497
4685
4877
4498
4686
4878
4687
4879
4500
4688
4880
4501
4689
4881
4690
4882
4503
4691
4883
4504
4692
4884
4693
4885
4506
4694
4886
4507
4695
4887
4696
4888
4509
4697
4889
4510
4698
4890
4699
4891
4512
4700
4892
4513
4701
4893
4702
4894
4515
4703
4895
4516
4704
4896
4705
4897
4518
4706
4898
4519
4707
4899
4708
4900
4521
4709
4901
4522
4710
4902
4711
4903
4524
4712
4904
4525
4713
4905
4714
4906
4527
4715
4907
4528
4716
4908
4717
4909
4530
4718
4910
4531
4719
4911
4720
4912
4533
4721
4913
4534
4722
4914
4723
4915
4536
4919
4940
4537
4920
4941
4921
4942
4539
4724
4925
4540
4725
4926
4726
4927
4542
4943
4543
4944
4945
4545
4946
4546
4947
4948
4548
4949
4549
4950
4951
4551
4952
4552
4953
4954
4554
4955
4555
4956
4957
4557
4958
4558
4959
4960
4560
4961
4561
4962
4963
4563
4964
4564
4965
4966
4566
4967
4567
4968
4969
4569
4970
4570
4971
4972
4572
4973
4573
4974
4975
4575
4976
4576
4977
4978
4578
4979
4579
4980
4981
4581
5129
5141
4582
5130
5142
5131
5143
4584
4982
4585
4983
4984
4587
4985
4588
4986
4987
4590
4988
4591
4989
4990
4593
4991
4594
4992
4993
4596
4994
4597
4995
4996
4599
4997
4600
4998
4999
4602
5000
4603
5001
5002
4605
5003
4606
5004
5005
4608
5006
4609
5007
5008
4611
5009
4612
5010
5011
4614
5012
4615
5013
5014
4617
5015
4618
5016
5017
4620
5018
4621
5019
5020
4623
5021
4624
5022
5023
4626
5024
4627
5025
5026
4629
5027
4630
5028
5029
4632
5030
4633
5031
5032
4635
5033
4636
5034
5035
4638
5036
4639
5037
5038
4641
5039
4642
5040
5041
4644
5042
4645
5043
5044
4647
5045
4648
5046
5047
4650
5048
4651
5049
5050
4653
5051
4654
5052
5053
4656
5054
4657
5055
5056
4659
5057
4660
5058
5059
4662
5060
4663
5061
5062
4665
5063
4666
5064
5065
4668
5066
4669
5067
5068
4671
5069
4672
5070
5071
4674
5072
4675
5073
5074
4677
5075
4678
5076
5077
4680
5078
4681
5079
5080
4683
5081
4684
5082
5083
4686
5084
4687
5085
5086
4689
5087
4690
5088
5089
4692
5090
4693
5091
5092
4695
5093
4696
5094
5095
4698
5096
4699
5097
5098
4701
5099
4702
5100
5101
4704
5102
4705
5103
5104
4707
5105
4708
5106
5107
4710
5108
4711
5109
5110
4713
5111
4714
5112
5113
4716
5114
4717
5115
5116
4719
5117
4720
5118
5119
4722
5120
4723
5121
5122
4725
5138
4726
5139
5140
4728
4922
4937
4729
4923
4938
4924
4939
4731
4733
5135
4732
4734
5136
4735
5137
4734
4736
4735
4737
4738
4737
4931
4738
4932
4933
4740
4943
4741
4944
4945
4743
4946
4744
4947
4948
4746
4949
4747
4950
4951
4749
4952
4750
4953
4954
4752
4955
4753
4956
4957
4755
4958
4756
4959
4960
4758
4961
4759
4962
4963
4761
4964
4762
4965
4966
4764
4967
4765
4968
4969
4767
4970
4768
4971
4972
4770
4973
4771
4974
4975
4773
4976
4774
4977
4978
4776
4979
4777
4980
4981
4779
4982
4780
4983
4984
4782
4985
4783
4986
4987
4785
4988
4786
4989
4990
4788
4991
4789
4992
4993
4791
4994
4792
4995
4996
4794
4997
4795
4998
4999
4797
5000
4798
5001
5002
4800
5003
4801
5004
5005
4803
5006
4804
5007
5008
4806
5009
4807
5010
5011
4809
5012
4810
5013
5014
4812
5015
4813
5016
5017
4815
5018
4816
5019
5020
4818
5021
4819
5022
5023
4821
5024
4822
5025
5026
4824
5027
4825
5028
5029
4827
5030
4828
5031
5032
4830
5033
4831
5034
5035
4833
5036
4834
5037
5038
4836
5039
4837
5040
5041
4839
5042
4840
5043
5044
4842
5045
4843
5046
5047
4845
5048
4846
5049
5050
4848
5051
4849
5052
5053
4851
5054
4852
5055
5056
4854
5057
4855
5058
5059
4857
5060
4858
5061
5062
4860
5063
4861
5064
5065
4863
5066
4864
5067
5068
4866
5069
4867
5070
5071
4869
5072
4870
5073
5074
4872
5075
4873
5076
5077
4875
5078
4876
5079
5080
4878
5081
4879
5082
5083
4881
5084
4882
5085
5086
4884
5087
4885
5088
5089
4887
5090
4888
5091
5092
4890
5093
4891
5094
5095
4893
5096
4894
5097
5098
4896
5099
4897
5100
5101
4899
5102
4900
5103
5104
4902
5105
4903
5106
5107
4905
5108
4906
5109
5110
4908
5111
4909
5112
5113
4911
5114
4912
5115
5116
4914
5117
4915
5118
5119
4917
5120
4918
5121
5122
4920
4922
4921
4923
4924
4923
4924
4926
5129
4927
5130
5131
4929
4931
5138
4930
4932
5139
4933
5140
4932
4933
4935
5123
4936
5124
5125
4938
5126
4939
5127
5128
4941
5132
4942
5133
5134
4944
4945
4947
4948
4950
4951
4953
4954
4956
4957
4959
4960
4962
4963
4965
4966
4968
4969
4971
4972
4974
4975
4977
4978
4980
4981
4983
4984
4986
4987
4989
4990
4992
4993
4995
4996
4998
4999
5001
5002
5004
5005
5007
5008
5010
5011
5013
5014
5016
5017
5019
5020
5022
5023
5025
5026
5028
5029
5031
5032
5034
5035
5037
5038
5040
5041
5043
5044
5046
5047
5049
5050
5052
5053
5055
5056
5058
5059
5061
5062
5064
5065
5067
5068
5070
5071
5073
5074
5076
5077
5079
5080
5082
5083
5085
5086
5088
5089
5091
5092
5094
5095
5097
5098
5100
5101
5103
5104
5106
5107
5109
5110
5112
5113
5115
5116
5118
5119
5121
5122
5124
5126
5125
5127
5128
5127
5128
5130
5131
5133
5135
5134
5136
5137
5136
5137
5139
5140
5142
5143
)


// ************************************************************************* //
